                                11100000011
                            1100000000000000001
                          10000000000000000000001
                         1000111222233322222221001
                        100122222333333333222222001
                       2000222223333333333322222100
                       2001122223344444443332222210
                       20112222222234444321111212212
                        112222222222233221211212221222
                       2212221121232134211322222222222
                      22212223333333234322233333321222
                       332122333444233443323433322122
                       3221122334332333322223332221
                         22022233222222222111232211
                           10222211122332221222110
                           30012222222222322222002
                            100011222333322221001
                          22311000001111100000011
                         10152122110000000001121141
                      110000255322322222222222221500000
                  110000000001555323333332222221350000000000
               11100000000000004555432233333221354000000000000000000     332
          111110000000000000000045555532222321353300000000000000000000013322
      00000000000000000000000000045 5555222213554200000000000000000000001322
   0000000000000000000000000000000555555422225555100000000000000000000000122
2200000000000000000000000000000000055555554355555000000000000000000000000002
210000000000000000000000000000000001555555555555 000000000000000000000000000